5.029874392321788e-72 4.839769350641758e-62 2.9813304009495492e-52 1.6775298643231229e-41 3.579631902739394e-31 1.906589277154529e-20 
1.670564853283779e-75 1.0796656236428006e-65 3.645731376434317e-55 4.875828363605251e-44 1.53911364985575e-32 7.846012285388389e-21 
6.081824576971129e-75 2.5792393732125624e-64 2.6197523839386706e-55 3.5024820845574156e-44 3.7388342875945224e-32 5.648767571926052e-21 
3.654533009578696e-73 1.2210994261595506e-63 8.45298518017181e-53 1.7704537809141568e-42 1.678304323465553e-31 2.1854466814271868e-21 
1.9922828920920304e-69 5.79759872317021e-60 6.976422458882693e-50 9.785284518135297e-43 7.742970392313574e-31 9.282927109432856e-20 
9.944337754592945e-80 1.1054963105085427e-68 6.365210097780657e-57 1.0208777951265661e-45 1.1591182435088827e-33 3.459680022674047e-21 
2.8569539062367755e-73 9.981781251189463e-63 5.347767260862928e-53 2.11193448771403e-42 1.3624552694873696e-31 1.1269128483634244e-20 
5.898492063241214e-75 2.02523787139127e-64 2.775961749341055e-56 2.8545182186804262e-43 1.1608201399750784e-32 7.462383356907742e-21 
1.45340749707454e-78 3.196287344547032e-68 4.231005461691537e-56 2.770213060916859e-45 8.51777978334701e-34 3.222251804004298e-21 
7.302254181344154e-75 2.758277213598431e-64 1.4956846987656525e-53 8.050034511311067e-43 3.846995669397694e-32 1.219157105274383e-20 
1.2075257070601038e-69 8.805168207378143e-60 5.282269404397376e-50 3.4272832353303667e-40 4.515467942445284e-30 6.390880338817498e-22 
3.8744687668411633e-81 7.329560462406196e-70 2.351699240745263e-58 2.833563395708182e-46 4.459882883473921e-34 3.043040562721319e-22 
1.2997966688015405e-69 5.870910679438222e-60 2.974551855939899e-50 2.164562220584171e-43 1.6967813914487804e-30 1.6330557657226572e-21 
1.0421225921104927e-76 7.502401079858658e-67 1.762025134054577e-55 4.59598893001366e-44 2.372945738812167e-33 1.107117240343896e-21 
6.21233912128585e-76 5.72123369053348e-66 3.127635916343922e-55 1.7771957555820162e-44 2.765676588164558e-33 1.1563903569500286e-21 
1.8829288930671074e-73 3.140924275947803e-63 1.9909863161075662e-52 1.5259396956245337e-42 9.287861330132022e-32 1.926053861605689e-20 
2.1106536672725393e-73 6.964450613902729e-63 1.450175136436718e-52 2.822023342176348e-43 1.923853141993228e-32 7.307381497116183e-21 
2.2134096149449134e-69 9.33082867680354e-60 3.379097346821036e-50 4.3575644893639395e-42 1.3592446921508276e-30 2.2980332244519214e-20 
5.689594653960887e-71 1.6870506312755816e-61 3.2170878196340516e-51 1.619793157614377e-41 2.733905312729126e-31 3.3463417772667418e-21 
1.4019451891182194e-72 1.0221200750836519e-63 5.1128552903191135e-52 2.972611262354646e-42 7.589447810901225e-32 1.4429121586373767e-20 
1.3958402387619886e-81 3.098612086943637e-72 1.4384835319228578e-58 6.823221766805697e-47 5.447532621395535e-34 1.1384143589482614e-21 
5.871441788893188e-70 2.0548676563796325e-59 1.6030007230780489e-50 3.517021721823756e-41 1.1431964082526927e-29 2.5262542659014615e-20 
8.592839358397127e-71 6.527430014773287e-61 2.3247775136739584e-50 4.511942628257229e-40 5.538775336342743e-31 7.649018861063575e-20 
4.929520140052686e-70 2.0458447783480144e-60 1.622696885444932e-50 7.700917108171749e-41 2.3218294646607885e-31 6.4499749163939406e-21 
1.6832421174595125e-83 4.238397254975505e-72 4.3312493510256016e-60 5.904126640937045e-48 3.4736621077642145e-36 2.0753703322008249e-22 
1.8037843887484721e-71 2.3849010673353254e-61 1.5462391084311732e-51 2.379207191628057e-41 1.0895228325429648e-33 1.3755179536273517e-20 
5.056861968118028e-72 1.192360199860055e-61 7.793758806740286e-52 3.3002541655860948e-43 1.8869390285759549e-31 4.4454758118448225e-20 
3.429769111106196e-72 8.045422144774252e-62 5.914869848048244e-52 2.7803842881429294e-41 1.4906583601076595e-31 1.0830088890577804e-20 
3.963672690914898e-70 1.3722735679270453e-60 5.1035846354416385e-51 7.972184066121503e-41 2.736884345891329e-31 7.59603961256479e-22 
9.843780416938137e-79 1.993224141900505e-68 1.3192152307579703e-56 3.090571177935288e-45 7.801064664959807e-34 1.7353294739543748e-21 
1.703158735933251e-74 4.7730153407754264e-64 2.329129177554582e-53 5.858434952654263e-43 9.936919237699586e-33 1.563188201797518e-20 
2.0581995888203082e-74 5.2176865023358005e-65 1.3878485501609645e-53 2.639135495100407e-43 2.291716765802272e-32 4.968481315839966e-22 
3.941845014211909e-77 9.70404286993345e-67 4.4160222136544596e-55 7.631109235557777e-45 7.716077343135106e-33 4.206809546930791e-21 
1.2977078492210083e-67 7.85241735583477e-58 9.932888198447448e-49 3.533678179465353e-39 2.8568196940275402e-30 3.164948066099359e-20 
2.1786224376824285e-76 1.0462425626223296e-65 1.263637649288973e-55 4.9431801169752e-44 4.4587888564000656e-33 4.007932610269415e-21 
6.369872355097528e-77 7.685034369658648e-66 1.0419619842398481e-55 7.783801913768018e-44 9.773878515875446e-33 3.689283597279482e-21 
2.8051171777214787e-74 8.863636041217742e-64 1.9690022937905605e-53 4.211834383516763e-43 5.083519201705242e-32 7.518288632497312e-21 
5.105763661269978e-80 2.68711946102925e-69 3.280968627594637e-57 8.79660182787075e-46 8.030705057089193e-34 2.671340134941745e-21 
6.545647187667008e-76 5.420725412643136e-65 1.575711202772815e-54 3.198261294586257e-44 1.9226742603330875e-32 3.373406361478103e-21 
5.0803030567352526e-82 1.5186799090568433e-70 4.472872253091245e-61 2.84770090460882e-47 3.7793321188596816e-36 2.9527155980524266e-22 
2.161079181603687e-74 7.59787915888616e-64 1.9354747056574733e-54 9.721235805890942e-43 4.53920408544237e-32 7.32827352645364e-21 
1.1573443375498024e-84 3.502826624394121e-74 5.0757483805437284e-61 1.1711358057032753e-48 2.10588294501957e-36 1.3685553083316453e-23 
7.3071943980194865e-75 1.7636553930915606e-64 2.3395974088171995e-54 5.235928994481351e-43 1.0005439118982917e-32 7.953312993580546e-21 
1.1676739181038187e-67 6.222452079270822e-58 1.4421229547424732e-48 9.361467308537583e-40 6.808990618882483e-30 2.1093651627803426e-20 
4.822041378483083e-73 7.354075524387425e-63 1.5982804544801122e-52 9.570373598713117e-43 1.610001791027625e-31 2.602958728183092e-21 
7.085866062358541e-75 2.169023939548235e-64 7.38262597493961e-54 1.4492189409468952e-43 2.157167776240202e-32 8.27523421609365e-21 
2.0083234334106182e-75 5.4546583151152105e-65 1.990605516003897e-54 1.5671442029193552e-43 6.269226969762163e-33 5.262468588576775e-21 
1.6256428604064925e-70 6.304470919306455e-61 5.663190179563662e-51 4.3488325557828743e-41 5.664754327150979e-31 1.5212127155971715e-21 
1.3714909070502635e-71 6.938578973532906e-62 1.5355531962028662e-51 1.3463326411726696e-42 2.5363725974936663e-31 1.0571921957717003e-20 
1.9448097561904426e-72 2.3274530965212985e-62 7.539507859182709e-53 9.289376002890247e-42 1.0280155366297424e-31 1.7528154413321263e-21 
3.0786547382478365e-71 2.7192401998406556e-61 4.2761761275191056e-51 2.6199961482181043e-41 6.191956859068134e-33 1.2270988462305289e-20 
1.1260695650091583e-77 1.6225246165436085e-66 1.1888474392573632e-56 4.036422905279636e-44 6.854727238228743e-33 4.722413527090885e-21 
4.720152553295181e-77 3.661753883410599e-66 1.2266612874834398e-55 2.6275967493893575e-44 3.5310599590685125e-33 3.0530843304380556e-21 
2.2311911883770606e-74 7.634323154053792e-64 1.850628944414905e-53 8.884997514017062e-44 3.296964870170403e-32 5.709924003249707e-21 
1.43106419578009e-77 1.225291161735372e-66 1.675491203337358e-55 2.2273189766116095e-45 4.598536497263257e-33 3.3231447345864458e-21 
8.404656202539343e-78 5.131324489512571e-68 6.638096804022036e-57 1.3519024221515612e-44 5.291443110547947e-34 1.5223455897111293e-21 
1.2714506157142247e-73 3.3476294296562663e-63 5.438325788555355e-54 2.603288071646972e-42 6.670812571115194e-32 1.2758980185618707e-20 
4.998446658342124e-72 9.592244348593204e-62 7.085463466692252e-52 6.072066496450234e-42 6.483447195226441e-32 2.0746722825392527e-20 
1.5895044317469898e-79 6.369236587202241e-69 1.1710242448099747e-57 1.7233040528120445e-45 7.15041796132763e-34 1.8746203660620278e-21 
2.4082439146024965e-71 7.106999314754404e-61 3.8590371330121666e-52 2.745868964960968e-41 6.096169016912799e-30 6.97739084101748e-21 
4.3447996218787203e-76 1.783637443048732e-65 6.578387941018595e-55 4.051770577128329e-44 1.624517793722568e-33 1.9725936282097993e-21 
9.911846722225144e-70 7.415045463514334e-60 2.7893895052582803e-50 2.3526724494161857e-40 1.8284048687551645e-30 2.019818327839566e-20 
7.945601301065746e-74 8.37041145598419e-64 2.8452119120727417e-53 1.8741883454768517e-43 6.533699171707028e-32 1.050991984364407e-20 
3.299426427466388e-79 5.93921011204142e-68 2.9079073537563332e-58 3.435477512923875e-45 4.601089897133615e-33 1.393996376065735e-22 
5.539259796373758e-74 3.716831663123491e-63 5.779276781376127e-53 1.339185430551046e-42 2.7265815005123806e-32 8.238320261401781e-21 
1.110336949577902e-74 1.1388088334018098e-64 6.8401525651768e-54 5.799207062428283e-43 5.722386989000266e-32 1.3697200368745913e-21 
5.896161730402376e-69 3.886245887182553e-59 1.511593569004145e-49 2.527540980264467e-43 1.1121505799105345e-31 6.705876001890675e-21 
2.502352756676129e-72 3.849409770162211e-62 5.0272300494157005e-52 9.892185590496258e-42 8.747517208192979e-33 1.539524831681491e-20 
8.511528068696614e-68 2.5738022080362753e-58 6.360434829426186e-49 6.86554872845968e-41 2.303849935307659e-30 4.0403489890720097e-20 
1.6882294573071257e-72 1.805697330155373e-62 2.2147864044392657e-52 4.140159732615786e-42 1.2013482707904677e-31 1.0959875477149232e-20 
5.780035831230409e-68 2.412806256516489e-58 3.3758255030254214e-49 3.0691860648676796e-40 1.9413080193334507e-30 7.33153868941908e-20 
1.2998431300806407e-70 1.6304744294044198e-60 1.2452791327150298e-50 1.3273087734685966e-40 4.070217449225788e-31 7.045617445501613e-20 
1.163023187945463e-69 2.200457642857123e-61 3.6288716252762353e-50 7.072813734046313e-41 1.5473047691953009e-30 5.769106252763505e-21 
2.189205972575603e-78 3.238490408520395e-67 6.816647076534687e-57 2.821843457862597e-46 7.04015761666218e-34 2.6877698777445684e-21 
3.343953524999777e-72 1.7759140449918296e-62 4.3279387263026814e-52 1.6194239717067746e-41 2.7115132918736837e-32 1.720254314991332e-21 
1.8335486929384384e-74 2.7032575635005624e-64 1.1540489695545317e-54 3.1424585360573934e-43 2.988153566138595e-32 5.1911337743804325e-21 
6.54847869828878e-73 8.667377814861406e-63 1.5343047360211906e-52 6.8382985410027e-42 2.9707942172208336e-32 1.2019571274786536e-20 
4.771786174107138e-72 1.0775443347065204e-61 1.4614910647421907e-51 1.6114764698083392e-42 7.7614259879442546e-31 3.507900738368909e-21 
7.777741030716103e-74 1.3945470948114937e-63 3.537974705253673e-53 2.9918918326676445e-42 5.92255856025189e-32 6.56972003224395e-21 
2.5622299286493978e-70 1.5428795496246338e-60 6.62350507614195e-51 8.082577220981443e-41 5.62674997519338e-33 2.734680127275997e-20 
5.219342838410537e-78 1.9182313552278677e-67 5.14400909080033e-56 5.614095281222402e-45 2.781907559544466e-33 2.2251718768221585e-21 
4.982786328354721e-80 4.607768650262191e-69 1.0009286757476194e-57 2.7140503166973588e-46 1.6392084171734063e-33 2.2771649039259962e-21 
9.616698963554808e-85 7.017947368129059e-73 1.4218145047050376e-61 5.376726290986785e-48 5.943639695766441e-36 2.9026312879315377e-22 
1.0711860087218981e-77 1.6400049028850813e-68 1.3465907547823571e-55 8.424538270137118e-47 2.293013508890051e-33 3.424435566894473e-21 
1.568766444312532e-72 1.7595008966830404e-62 9.095805786085415e-54 7.72408526682992e-42 9.358932300397208e-32 1.6687959584410788e-21 
2.994542804189976e-80 5.240503585989456e-70 6.0936019974587544e-58 3.7104074723835156e-46 4.154273608601205e-36 1.0197421941660074e-21 
2.1716458488192535e-71 1.7928730130342635e-61 3.412756588582754e-51 2.6512166376430855e-41 1.7804806683829156e-31 2.48956763911419e-20 
9.463471652043983e-77 1.615316947892864e-66 3.7158848703012355e-55 2.2697891536407497e-44 5.373865535481289e-33 4.2668788967080096e-23 
8.173110115006242e-74 4.887792366948908e-64 2.9816427610782213e-53 2.091423317464679e-42 6.97018756638404e-32 1.702306273110337e-22 
5.652729718456337e-77 4.0943769143568386e-67 5.882815369607896e-56 3.2019053654687556e-44 6.324559987678843e-33 4.05401574227577e-21 
5.350201573825958e-73 1.6926342307738976e-62 4.691609398888413e-53 2.929134799418097e-42 2.683082157316101e-31 2.6081272853374698e-20 
5.402291227055006e-71 7.026238872433863e-61 1.8834183580721438e-51 6.861549858586787e-42 5.984183434085566e-31 5.037627477215867e-20 
5.112274732181421e-78 3.214149330365462e-67 5.0325353399562835e-56 6.11027788187202e-45 1.5960028524286053e-34 1.7294315903515275e-21 
8.676399882759588e-70 2.0846170930634742e-60 4.988179038244076e-50 2.27335751310095e-40 2.249966753984945e-31 6.44185086656675e-20 
1.286888837998044e-83 1.0448775998644244e-72 4.866741764398923e-61 1.6468253477822655e-48 2.0396043739476353e-35 1.5136839783446437e-22 
4.806260981011734e-69 1.321230420809463e-59 5.466597054572472e-50 4.377700105334977e-40 2.0527098226505002e-30 5.2854611759495275e-21 
1.9214510889463063e-68 6.247549784755932e-59 8.632625856283168e-50 8.242560072516357e-40 2.0144426721914347e-30 1.6640651211626605e-20 
7.607488803238709e-76 6.1455102283958185e-65 2.6215387057808934e-54 1.812635389877679e-44 5.168178960689132e-32 4.3930328406834824e-21 
2.3871713793256426e-79 5.547706822965677e-68 2.855635586517895e-57 7.750786643989195e-46 8.312396841076103e-34 1.3726827262178102e-21 
7.461947640477069e-75 2.4322216058600964e-64 6.458630796014793e-54 7.955415225465514e-43 1.7352591962917757e-32 1.055889912623574e-21 
